MD_extract_000_gaussian 82 -0.119693906910 0.000 3.7
MD_extract_001_gaussian 83 -0.119231204838 0.290 6.2
MD_extract_002_gaussian 84 -0.114638507912 3.172 4.6
MD_extract_003_gaussian 85 -0.117397769207 1.441 5.4
MD_extract_004_gaussian 86 -0.118483329579 0.760 3.9
MD_extract_005_gaussian 87 -0.119231192779 0.290 5.2
MD_extract_006_gaussian 88 -0.117666794597 1.272 3.8
MD_extract_007_gaussian 89 -0.117666791328 1.272 7.1
MD_extract_008_gaussian 90 -0.119693881209 0.000 13.6
MD_extract_009_gaussian 91 -0.117666792694 1.272 13.2
MD_extract_010_gaussian 92 -0.115775741072 2.459 35.9
MD_extract_011_gaussian 93 -0.120152147356 -0.288 26.7
MD_extract_012_gaussian 94 -0.118483479564 0.760 10.8
MD_extract_013_gaussian 95 -0.118483304139 0.760 9.7
MD_extract_014_gaussian 96 -0.118450253795 0.780 36.9
MD_extract_015_gaussian 97 -0.119693854074 0.000 33.9
MD_extract_016_gaussian 98 -0.117666750628 1.272 14.3
MD_extract_017_gaussian 99 -0.117666788014 1.272 10.1
MD_extract_018_gaussian 100 -0.120535179726 -0.528 32.7
MD_extract_019_gaussian 101 -0.117666771831 1.272 31.9
MD_extract_020_gaussian 102 -0.115775824969 2.459 9.6
MD_extract_021_gaussian 103 -0.116765908899 1.837 20.5
MD_extract_022_gaussian 104 -0.118483480447 0.760 9.8
MD_extract_023_gaussian 105 -0.117666780900 1.272 6.5
MD_extract_024_gaussian 106 -0.118483414564 0.760 4.2
