07-EVA_001_gaussian 2661758 -424.36071976887000 0.000 1561.1
07-EVA_003_gaussian 2661759 -424.35968234379000 0.651 1669.7
07-EVA_006_gaussian 2661760 -424.36043515148000 0.179 1770.9
07-EVA_007_gaussian 2661761 -424.36043515133000 0.179 1945.9
07-EVA_009_gaussian 2661762 -424.35968231926000 0.651 1754.8
07-EVA_010_gaussian 2661763 -424.35971748849000 0.629 1762.2
07-EVA_011_gaussian 2661764 -424.35971750078000 0.629 2418.5
07-EVA_012_gaussian 2661765 -424.36043514759000 0.179 2186.8
07-EVA_017_gaussian 2661766 -424.36043514006000 0.179 1750.1
07-EVA_018_gaussian 2661767 -424.36071977000000 -0.000 4628.7
07-EVA_021_gaussian 2661768 -424.35663430033000 2.564 6163.6
07-EVA_022_gaussian 2661769 -424.35968233560000 0.651 2901
