Spectrum			Normal Modes
Freq (cm-1)	IR act		Mode	Label	Freq (cm-1)	IR act	Scaling factors	Unscaled freq
8.0	0.12659556733518362		1	A	-22.1202	0.228	1.0	-22.1202
16.0	0.20473305391066138		2	A	14.242	0.1611	1.0	14.242
24.0	0.4368543579612253		3	A	17.2868	0.2021	1.0	17.2868
32.0	0.2220190268076294		4	A	43.9476	0.0485	1.0	43.9476
40.0	0.1739258884220911		5	A	57.5785	0.6142	1.0	57.5785
48.0	0.21750055316571545		6	A	70.2754	0.1839	1.0	70.2754
56.0	0.3177169605870484		7	A	83.9498	0.2986	1.0	83.9498
64.0	0.7609292454735246		8	A	94.1633	0.1119	1.0	94.1633
72.0	0.5074754803165676		9	A	97.5116	0.6783	1.0	97.5116
80.0	0.5079919451511319		10	A	102.2872	0.6328	1.0	102.2872
88.0	0.5822380047523138		11	A	123.9327	0.2686	1.0	123.9327
96.0	0.7710184402904294		12	A	128.0919	13.0015	1.0	128.0919
104.0	1.4665173021921196		13	A	153.8004	1.5811	1.0	153.8004
112.0	1.5198610983448009		14	A	180.0621	4.2881	1.0	180.0621
120.0	1.5676839547397925		15	A	197.0004	1.9141	1.0	197.0004
128.0	4.170294506270193		16	A	206.3765	0.1083	1.0	206.3765
136.0	13.385305678692546		17	A	220.2474	0.7266	1.0	220.2474
144.0	3.884424813411407		18	A	240.9555	3.9945	1.0	240.9555
152.0	1.7085583361293162		19	A	245.2975	2.186	1.0	245.2975
160.0	2.2724285793550627		20	A	250.5864	3.9636	1.0	250.5864
168.0	1.3189520429010655		21	A	312.3825	7.2644	1.0	312.3825
176.0	1.2248951710574507		22	A	314.2179	8.4558	1.0	314.2179
184.0	3.2430771715548095		23	A	354.5865	1.5844	1.0	354.5865
192.0	3.047524469828066		24	A	390.986	0.8926	1.0	390.986
200.0	1.969109044815627		25	A	425.8286	5.5367	1.0	425.8286
208.0	1.9514863597674998		26	A	459.0729	0.258	1.0	459.0729
216.0	1.0014306689993313		27	A	472.1683	4.7769	1.0	472.1683
224.0	1.1560557049860845		28	A	491.7083	6.4656	1.0	491.7083
232.0	1.3151381400181816		29	A	495.6293	1.3785	1.0	495.6293
240.0	1.958995694441007		30	A	582.4846	3.3131	1.0	582.4846
248.0	6.159639692488389		31	A	612.394	10.3947	1.0	612.394
256.0	6.416620834444648		32	A	623.4964	194.5282	1.0	623.4964
264.0	2.666165956046984		33	A	756.0569	0.4637	1.0	756.0569
272.0	1.0764809002803437		34	A	762.1084	3.6101	1.0	762.1084
280.0	0.7430812537161637		35	A	768.3001	0.109	1.0	768.3001
288.0	0.7150540104921468		36	A	769.2255	4.8383	1.0	769.2255
296.0	0.9016967931064965		37	A	850.1267	5.091	1.0	850.1267
304.0	1.5391923167887633		38	A	860.5474	19.83	1.0	860.5474
312.0	4.1558179148841035		39	A	866.0862	13.5238	1.0	866.0862
320.0	15.145520550418626		40	A	910.3225	5.6433	1.0	910.3225
328.0	5.364903044674887		41	A	920.8734	8.8885	1.0	920.8734
336.0	1.7792020996513305		42	A	930.4355	50.6168	1.0	930.4355
344.0	1.0019936708355717		43	A	944.6003	52.6278	1.0	944.6003
352.0	0.9129543158409104		44	A	998.0025	0.018	1.0	998.0025
360.0	1.8489462065570323		45	A	1002.9603	0.3302	1.0	1002.9603
368.0	1.035757763468126		46	A	1017.8392	55.2711	1.0	1017.8392
376.0	0.5673643266485678		47	A	1025.2166	1.4444	1.0	1025.2166
384.0	0.5154790914786244		48	A	1026.5692	1.8619	1.0	1026.5692
392.0	0.7465671348818875		49	A	1029.8326	11.6742	1.0	1029.8326
400.0	1.2108092517298081		50	A	1033.5263	4.2053	1.0	1033.5263
408.0	0.6888610885034634		51	A	1049.9124	10.0915	1.0	1049.9124
416.0	0.8038235696925393		52	A	1082.2796	9.1304	1.0	1082.2796
424.0	1.6532693043015756		53	A	1109.0586	8.3334	1.0	1109.0586
432.0	5.692919329620654		54	A	1112.4176	17.3026	1.0	1112.4176
440.0	2.256892339824808		55	A	1129.41	4.3572	1.0	1129.41
448.0	1.0252595269554583		56	A	1143.9422	8.6104	1.0	1143.9422
456.0	0.886317196211986		57	A	1167.998	0.4036	1.0	1167.998
464.0	1.2617156184607712		58	A	1238.0947	329.4906	1.0	1238.0947
472.0	2.299405500812826		59	A	1257.3718	3.2883	1.0	1257.3718
480.0	5.574592377414249		60	A	1261.4705	1.5647	1.0	1261.4705
488.0	2.871975705185127		61	A	1275.1952	8.708	1.0	1275.1952
496.0	6.292812579919681		62	A	1291.1526	1.6097	1.0	1291.1526
504.0	4.977925310725983		63	A	1292.2631	9.1718	1.0	1292.2631
512.0	1.7103521705839362		64	A	1298.5634	2.2846	1.0	1298.5634
520.0	1.0642159136544234		65	A	1332.1765	26.6611	1.0	1332.1765
528.0	0.9060725385485494		66	A	1349.5309	1.8824	1.0	1349.5309
536.0	0.8964014668316546		67	A	1352.7224	0.8933	1.0	1352.7224
544.0	0.9649760951721457		68	A	1359.5563	1.5273	1.0	1359.5563
552.0	1.100693094495948		69	A	1380.2763	16.0147	1.0	1380.2763
560.0	1.319863238043435		70	A	1385.3215	22.9784	1.0	1385.3215
568.0	1.6748711177526483		71	A	1389.2024	0.2731	1.0	1389.2024
576.0	2.3305900704719638		72	A	1393.1012	2.5914	1.0	1393.1012
584.0	4.14202297946674		73	A	1398.8161	3.3761	1.0	1398.8161
592.0	6.309843915355707		74	A	1402.6063	0.6303	1.0	1402.6063
600.0	6.548685588245657		75	A	1407.3112	1.4861	1.0	1407.3112
608.0	11.407735548928324		76	A	1421.9829	17.8317	1.0	1421.9829
616.0	28.910618484476707		77	A	1464.2927	0.7095	1.0	1464.2927
624.0	81.31358373185492		78	A	1464.9198	4.031	1.0	1464.9198
632.0	174.7668455981379		79	A	1466.3137	0.8554	1.0	1466.3137
640.0	41.119038328041974		80	A	1473.3917	0.5552	1.0	1473.3917
648.0	14.727295070048081		81	A	1475.3063	0.5948	1.0	1475.3063
656.0	7.405837727686897		82	A	1479.311	9.4109	1.0	1479.311
664.0	4.469446253435085		83	A	1485.9566	6.5878	1.0	1485.9566
672.0	3.0177635141832404		84	A	1487.9378	7.8845	1.0	1487.9378
680.0	2.2006764034442976		85	A	1489.3568	5.8269	1.0	1489.3568
688.0	1.6996442106998175		86	A	1490.6189	6.6485	1.0	1490.6189
696.0	1.374364864044216		87	A	1500.1809	4.7154	1.0	1500.1809
704.0	1.1558600374021626		88	A	1502.3697	4.677	1.0	1502.3697
712.0	1.0078796330013702		89	A	1502.8356	10.5664	1.0	1502.8356
720.0	0.9114154877535992		90	A	1505.727	5.168	1.0	1505.727
728.0	0.8588507042651485		91	A	1692.9377	221.7453	1.0	1692.9377
736.0	0.8545799714568202		92	A	2882.0728	65.2255	1.0	2882.0728
744.0	0.9276137948789933		93	A	2949.4053	17.423	1.0	2949.4053
752.0	1.1975825476054751		94	A	2962.9936	2.0316	1.0	2962.9936
760.0	2.3189877041189613		95	A	2963.3985	50.4331	1.0	2963.3985
768.0	5.820839983184571		96	A	2969.9041	57.1067	1.0	2969.9041
776.0	6.6817288917597875		97	A	2971.5208	30.0981	1.0	2971.5208
784.0	2.265536454482745		98	A	2983.2393	28.5841	1.0	2983.2393
792.0	1.21374527131698		99	A	2986.2081	27.1263	1.0	2986.2081
800.0	0.9642535590992082		100	A	2987.7036	10.1975	1.0	2987.7036
808.0	0.9162445296007318		101	A	2988.1426	16.4257	1.0	2988.1426
816.0	0.9665596199466827		102	A	2995.3096	4.7609	1.0	2995.3096
824.0	1.1095761726901585		103	A	2997.2555	4.8386	1.0	2997.2555
832.0	1.3995520681887035		104	A	2998.3819	9.1561	1.0	2998.3819
840.0	2.027548133756902		105	A	2999.8208	44.4992	1.0	2999.8208
848.0	3.833543059825159		106	A	3021.267	22.432	1.0	3021.267
856.0	10.412485488441009		107	A	3031.7785	68.4302	1.0	3031.7785
864.0	20.938668348048516		108	A	3044.5317	85.7299	1.0	3044.5317
872.0	24.452560586144415		109	A	3050.8562	33.3546	1.0	3050.8562
880.0	7.91744113181233		110	A	3054.0237	37.4051	1.0	3054.0237
888.0	3.912369960343591		111	A	3054.9634	12.0417	1.0	3054.9634
896.0	3.2856167581476914		112	A	3056.7868	20.538	1.0	3056.7868
904.0	4.01631388326713		113	A	3057.9428	62.0782	1.0	3057.9428
912.0	7.722328323458256		114	A	3062.5118	32.9292	1.0	3062.5118
920.0	13.071611487953973		115	A	3066.2631	6.3865	1.0	3066.2631
928.0	25.385411891072803		116	A	3105.0693	5.4714	1.0	3105.0693
936.0	58.51268125654247		117	A	3526.8358	216.6082	1.0	3526.8358
944.0	36.06536447362622
952.0	55.3185053912819
960.0	15.068600423118331
968.0	6.40985399199115
976.0	4.031468964337203
984.0	3.261283277636908
992.0	3.272248108432992
1000.0	4.14964447078455
1008.0	7.145425347605751
1016.0	18.45694231623205
1024.0	59.48191824471245
1032.0	28.22681200600824
1040.0	18.458457986833665
1048.0	9.124535691481736
1056.0	13.547474695199641
1064.0	5.401752082233193
1072.0	3.579168865290235
1080.0	4.720226417850159
1088.0	11.318150032926312
1096.0	5.312320520171611
1104.0	5.480049163555403
1112.0	14.878478226061759
1120.0	21.251714381865874
1128.0	7.682413732401413
1136.0	8.180642409397068
1144.0	6.983255285863943
1152.0	9.343602465959936
1160.0	3.7575525410866994
1168.0	2.9277169630650044
1176.0	3.037987977423583
1184.0	3.1076818678501605
1192.0	3.721133478464053
1200.0	4.861846253475361
1208.0	6.9205301334446565
1216.0	10.994654909398557
1224.0	20.629223084306687
1232.0	51.990096961437
1240.0	216.76179616709587
1248.0	187.21331158060514
1256.0	48.38635841587013
1264.0	24.34762786239875
1272.0	14.51640596458314
1280.0	16.54919483924959
1288.0	10.22763812409939
1296.0	15.147063272721189
1304.0	9.99327046343408
1312.0	5.245906567526524
1320.0	4.830906630361864
1328.0	8.063378565651922
1336.0	26.568696404757688
1344.0	12.28570926782023
1352.0	6.783839591332454
1360.0	6.078074034249754
1368.0	5.643571339953412
1376.0	7.993321759235459
1384.0	25.180033484087705
1392.0	30.406840512394055
1400.0	13.12466408815706
1408.0	8.607422499580546
1416.0	6.9988288578307385
1424.0	15.033754643504798
1432.0	10.913777536658479
1440.0	3.9800094555621603
1448.0	2.753131402995503
1456.0	2.8819422735596896
1464.0	4.919903595533903
1472.0	9.223980481254841
1480.0	12.445310673714863
1488.0	21.990189346576468
1496.0	27.192428714536096
1504.0	22.593266844648955
1512.0	17.98477254100708
1520.0	5.46033808877255
1528.0	2.68787553732898
1536.0	1.744418118183136
1544.0	1.3109327297075208
1552.0	1.0797101091164654
1560.0	0.9482689904930326
1568.0	0.8746307484879197
1576.0	0.8395488599324107
1584.0	0.8340460853445829
1592.0	0.8547077631354459
1600.0	0.901902457965403
1608.0	0.9794192432762732
1616.0	1.095130108529054
1624.0	1.2628776872371608
1632.0	1.5064587140242152
1640.0	1.8679277080074017
1648.0	2.4259456961543533
1656.0	3.340379864306153
1664.0	4.975976237878058
1672.0	8.314096481790122
1680.0	16.74208802972237
1688.0	47.69440391045907
1696.0	202.33570119133168
1704.0	83.19447896298574
1712.0	23.764230689972738
1720.0	10.568646902722078
1728.0	5.922600422060578
1736.0	3.7914412692926587
1744.0	2.6441401585870232
1752.0	1.9571767053460978
1760.0	1.513519321745862
1768.0	1.2103243945936795
1776.0	0.993827980944321
1784.0	0.8337265660594451
1792.0	0.711891767478419
1800.0	0.6169417573043924
1808.0	0.5414387531334975
1816.0	0.4803557684865386
1824.0	0.4301960394689854
1832.0	0.388466000750313
1840.0	0.3533484671776294
1848.0	0.32349361409986827
1856.0	0.29788162464396095
1864.0	0.2757302398775461
1872.0	0.2564311869442489
1880.0	0.2395056175071345
1888.0	0.22457232585363698
1896.0	0.2113247225556599
1904.0	0.19951391093650572
1912.0	0.18893608473570203
1920.0	0.1794230298826986
1928.0	0.17083488584612008
1936.0	0.16305457204808912
1944.0	0.15598345523605975
1952.0	0.14953795151407068
1960.0	0.1436468392708947
1968.0	0.13824911778342572
1976.0	0.13329228827604925
1984.0	0.1287309646789739
1992.0	0.1245257436451137
2000.0	0.12064227988978825
2008.0	0.11705052523311174
2016.0	0.11372409899222245
2024.0	0.11063976439951628
2032.0	0.1077769910945479
2040.0	0.10511758787139096
2048.0	0.10264539306659513
2056.0	0.10034601247095604
2064.0	0.09820659660833438
2072.0	0.09621565077157372
2080.0	0.09436287243307354
2088.0	0.09263901162687735
2096.0	0.09103575068438435
2104.0	0.08954560033851097
2112.0	0.08816180972333851
2120.0	0.08687828821278279
2128.0	0.0856895373819858
2136.0	0.08459059165408707
2144.0	0.08357696642474609
2152.0	0.08264461264667425
2160.0	0.08178987701402066
2168.0	0.0810094670177133
2176.0	0.08030042025260317
2184.0	0.07966007744934939
2192.0	0.07908605878154927
2200.0	0.07857624306419882
2208.0	0.07812874951522317
2216.0	0.0777419217992491
2224.0	0.07741431411337937
2232.0	0.07714467910962775
2240.0	0.07693195747882785
2248.0	0.07677526904703393
2256.0	0.07667390525834647
2264.0	0.07662732293827945
2272.0	0.07663513924971263
2280.0	0.07669712776954206
2288.0	0.07681321562870898
2296.0	0.07698348167165127
2304.0	0.07720815560365493
2312.0	0.07748761810632791
2320.0	0.07782240191269507
2328.0	0.07821319384443622
2336.0	0.07866083782474884
2344.0	0.0791663388914238
2352.0	0.07973086824616304
2360.0	0.080355769388161
2368.0	0.08104256539272775
2376.0	0.08179296740949688
2384.0	0.08260888446979553
2392.0	0.08349243470935826
2400.0	0.0844459581310759
2408.0	0.08547203105328023
2416.0	0.08657348241263131
2424.0	0.08775341211752345
2432.0	0.08901521167870602
2440.0	0.09036258737925938
2448.0	0.09179958628709499
2456.0	0.09333062546081998
2464.0	0.09496052475545255
2472.0	0.09669454369964862
2480.0	0.09853842299276268
2488.0	0.10049843126054514
2496.0	0.10258141781550362
2504.0	0.10479487229547858
2512.0	0.1071469922062676
2520.0	0.10964675957668091
2528.0	0.11230402815416425
2536.0	0.11512962283477804
2544.0	0.11813545334388294
2552.0	0.12133464457736771
2560.0	0.12474168649554819
2568.0	0.12837260705603298
2576.0	0.13224517240769182
2584.0	0.13637911948427642
2592.0	0.14079642728421052
2600.0	0.1455216345700499
2608.0	0.15058221355688006
2616.0	0.15600901150411328
2624.0	0.1618367751430426
2632.0	0.16810477678630273
2640.0	0.17485756608296432
2648.0	0.18214587813335978
2656.0	0.1900277376653205
2664.0	0.19856981105919566
2672.0	0.20784907443451717
2680.0	0.21795488859002013
2688.0	0.22899160300720808
2696.0	0.24108185542315008
2704.0	0.2543707968164848
2712.0	0.26903156360866376
2720.0	0.28527245461242934
2728.0	0.30334647421397837
2736.0	0.3235642157762355
2744.0	0.34631154836628697
2752.0	0.37207435353193347
2760.0	0.40147384699778643
2768.0	0.4353181987658261
2776.0	0.4746799683411269
2784.0	0.5210157510814142
2792.0	0.5763573837803436
2800.0	0.6436295828062653
2808.0	0.7272019063674858
2816.0	0.8339000125833892
2824.0	0.9749791584276468
2832.0	1.170283016452762
2840.0	1.4578881112878812
2848.0	1.9193999082932243
2856.0	2.758209173997979
2864.0	4.605379058810497
2872.0	10.219731202793271
2880.0	38.52994276467882
2888.0	43.51098727437138
2896.0	11.65502402044466
2904.0	5.876241922330003
2912.0	4.466487021966336
2920.0	4.3790951437016155
2928.0	5.1498557193010965
2936.0	7.228999477550734
2944.0	13.54620523860655
2952.0	32.154237316788574
2960.0	45.524540711458
2968.0	99.77480251635392
2976.0	87.06034405109699
2984.0	79.20602301913128
2992.0	76.67233525841685
3000.0	78.32404501382955
3008.0	37.97319349538749
3016.0	28.23082404852668
3024.0	50.37871897912421
3032.0	86.9413919091469
3040.0	78.42514996313295
3048.0	135.71190093597846
3056.0	160.86084728213538
3064.0	112.28515112370509
3072.0	37.58317707899355
3080.0	15.693748265860378
3088.0	9.13619747369995
3096.0	6.739678387334959
3104.0	8.281398109577731
3112.0	5.824086036718366
3120.0	3.2023492766969213
3128.0	2.3411619598169375
3136.0	1.8715977439722482
3144.0	1.558238844147934
3152.0	1.3297452938465495
3160.0	1.154878416065135
3168.0	1.0168350553532146
3176.0	0.9054275462212424
3184.0	0.8139980102921706
3192.0	0.737968668653473
3200.0	0.6740741817366642
3208.0	0.6199193969896123
3216.0	0.5737084296450408
3224.0	0.5340708317658264
3232.0	0.4999459652671752
3240.0	0.47050385684172336
3248.0	0.4450897675665494
3256.0	0.42318466226861573
3264.0	0.40437663640299787
3272.0	0.3883400931237142
3280.0	0.3748205489898778
3288.0	0.3636236495507155
3296.0	0.35460744742233297
3304.0	0.34767732542900753
3312.0	0.3427831920727926
3320.0	0.3399187734342833
3328.0	0.3391230022161983
3336.0	0.3404836847567442
3344.0	0.34414383506521906
3352.0	0.3503113316929476
3360.0	0.3592729213470332
3368.0	0.37141412787415645
3376.0	0.38724743138740103
3384.0	0.4074523342627452
3392.0	0.4329329275516591
3400.0	0.4649018410334551
3408.0	0.5050049634760461
3416.0	0.5555108634235653
3424.0	0.6196059480387239
3432.0	0.7018682233590368
3440.0	0.80905428105271
3448.0	0.9514599499894809
3456.0	1.1453862093326879
3464.0	1.4178665273883595
3472.0	1.8163695598043035
3480.0	2.4304733382837576
3488.0	3.445804310360144
3496.0	5.298882381086535
3504.0	9.219058808011743
3512.0	19.76870630663937
3520.0	63.190912681170445
3528.0	216.27364687014875
3536.0	58.426105298587764
3544.0	18.80609854938326
3552.0	8.892738799601474
3560.0	5.1436212342668455
3568.0	3.351317714746761
3576.0	2.360791348939129
3584.0	1.757044936748196
3592.0	1.362173372630474
3600.0	1.0898150810087652
3608.0	0.893994844917642
3616.0	0.7484302310908862
3624.0	0.6372200598067173
3632.0	0.5502889232301791
3640.0	0.481002833696466
3648.0	0.4248497691537041
3656.0	0.3786745596206931
3664.0	0.34021718996024863
3672.0	0.3078244571991699
3680.0	0.2802644189989204
3688.0	0.25660380299304886
3696.0	0.23612510005319304
3704.0	0.21826931441239628
3712.0	0.2025956834762851
3720.0	0.18875285378139023
3728.0	0.17645793561343123
3736.0	0.1654810680589736
3744.0	0.15563389791316873
3752.0	0.14676087797777032
3760.0	0.13873262290244553
3768.0	0.13144078471526704
3776.0	0.1247940633354423
3784.0	0.1187150735507837
3792.0	0.11313786453802327
3800.0	0.10800594104536979
3808.0	0.1032706735010969
3816.0	0.098890012035378
3824.0	0.09482743975301701
3832.0	0.09105111567295497
3840.0	0.08753316902084891
3848.0	0.08424911505520148
3856.0	0.081177369059625
3864.0	0.07829884007111651
3872.0	0.07559658971895855
3880.0	0.0730555445003552
3888.0	0.07066225212306321
3896.0	0.0684046743548703
3904.0	0.06627201024915555
3912.0	0.06425454475097468
3920.0	0.06234351859442851
3928.0	0.06053101612924707
3936.0	0.05880986830075384
3944.0	0.05717356848215627
3952.0	0.05561619924429706
3960.0	0.05413236846346931
3968.0	0.05271715342662042
3976.0	0.05136605180629397
3984.0	0.05007493855369606
3992.0	0.04884002790428371
4000.0	0.04765783981178326
