02-IsoP_000_gaussian 2661499 -390.57334842346000 0.000 3128.7
02-IsoP_001_gaussian 2661500 -390.57326180725000 0.054 4640.8
02-IsoP_002_gaussian 2661501 -390.57326178331000 0.054 4881.8
02-IsoP_003_gaussian 2661502 -390.57450367506000 -0.725 4817.3
02-IsoP_004_gaussian 2661503 -390.57450364892000 -0.725 4795.5
02-IsoP_005_gaussian 2661504 -390.57326180465000 0.054 3438.1
02-IsoP_006_gaussian 2661505 -390.57334843273000 -0.000 3432.7
02-IsoP_007_gaussian 2661506 -390.57386518740000 -0.324 3484
02-IsoP_008_gaussian 2661507 -390.57261967805000 0.457 4002.4
02-IsoP_009_gaussian 2661508 -390.57326179837000 0.054 9640
02-IsoP_010_gaussian 2661509 -390.57334843814000 -0.000 8467.2
02-IsoP_012_gaussian 2661510 -390.57386518905000 -0.324 8694.3
02-IsoP_013_gaussian 2661511 -390.57377361507000 -0.267 7416.7
02-IsoP_014_gaussian 2661512 -390.57377362846000 -0.267 9797.2
02-IsoP_015_gaussian 2661513 -390.57220385024000 0.718 10645.1
02-IsoP_019_gaussian 2661514 -390.57220384839000 0.718 6523.9
02-IsoP_020_gaussian 2661515 -390.57261965488000 0.457 5851
02-IsoP_024_gaussian 2661516 -390.57209668317000 0.785 17262.9
02-IsoP_025_gaussian 2661517 -390.57220384791000 0.718 6562.3
02-IsoP_026_gaussian 2661518 -390.57334843034000 -0.000 6913.5
02-IsoP_027_gaussian 2661519 -390.57112683837000 1.394 7179.7
02-IsoP_028_gaussian 2661520 -390.57475085623000 -0.880 8217.6
02-IsoP_030_gaussian 2661521 -390.57261968602000 0.457 9322.3
02-IsoP_031_gaussian 2661522 -390.57209670309000 0.785 8626.9
02-IsoP_033_gaussian 2661523 -390.57209668836000 0.785 6709.1
02-IsoP_034_gaussian 2661524 -390.57377359863000 -0.267 6844.1
02-IsoP_035_gaussian 2661525 -390.57386519840000 -0.324 13034.6
02-IsoP_036_gaussian 2661526 -390.57475085233000 -0.880 7266.8
02-IsoP_039_gaussian 2661527 -390.57112683830000 1.394 9109.1
02-IsoP_040_gaussian 2661528 -390.57209669306000 0.785 8113.3
02-IsoP_041_gaussian 2661529 -390.57377362397000 -0.267 9572.2
02-IsoP_042_gaussian 2661530 -390.57386517834000 -0.324 7424.9
