01-IsoP_094_gaussian 2661319 -390.57386457643000 0.000 2558.9
01-IsoP_096_gaussian 2661320 -390.57386457648000 -0.000 2581.9
01-IsoP_1003_gaussian 2661321 -390.57355295420000 0.196 3668.9
01-IsoP_1030_gaussian 2661322 -390.57386457635000 0.000 2978.5
01-IsoP_1339_gaussian 2661323 -390.57386457631000 0.000 2969.6
01-IsoP_1348_gaussian 2661324 -390.57355295453000 0.196 4186.6
01-IsoP_1352_gaussian 2661325 -390.57386457627000 0.000 2976.3
01-IsoP_1364_gaussian 2661326 -390.57386457631000 0.000 2951.4
01-IsoP_1378_gaussian 2661327 -390.57386457655000 -0.000 2992
01-IsoP_1413_gaussian 2661328 -390.57355295451000 0.196 7244.8
01-IsoP_1471_gaussian 2661329 -390.57355295443000 0.196 7216.4
01-IsoP_1504_gaussian 2661330 -390.57386457635000 0.000 5112.3
01-IsoP_1555_gaussian 2661331 -390.57386457644000 -0.000 5164.1
01-IsoP_1569_gaussian 2661332 -390.57386457633000 0.000 5187.6
01-IsoP_1572_gaussian 2661333 -390.57355295441000 0.196 7278.8
01-IsoP_1622_gaussian 2661334 -390.57355295451000 0.196 7294.2
01-IsoP_1639_gaussian 2661335 -390.57386457656000 -0.000 5182.8
01-IsoP_166_gaussian 2661336 -390.57386457633000 0.000 4881.9
01-IsoP_1705_gaussian 2661337 -390.57355295447000 0.196 6828.8
01-IsoP_1831_gaussian 2661338 -390.57386457644000 -0.000 4881.4
01-IsoP_1867_gaussian 2661339 -390.57355295455000 0.196 6779.2
01-IsoP_1905_gaussian 2661340 -390.57386457632000 0.000 4834.1
01-IsoP_1937_gaussian 2661341 -390.57386457643000 0.000 4802.9
01-IsoP_2005_gaussian 2661342 -390.57386457623000 0.000 4860.6
01-IsoP_2021_gaussian 2661343 -390.57355295454000 0.196 6733.4
01-IsoP_2030_gaussian 2661344 -390.57386457625000 0.000 4851.9
01-IsoP_203_gaussian 2661345 -390.57386457633000 0.000 4822.5
01-IsoP_2061_gaussian 2661346 -390.57386457629000 0.000 4880.4
01-IsoP_2165_gaussian 2661347 -390.57355295462000 0.196 6769.2
01-IsoP_2179_gaussian 2661348 -390.57355295452000 0.196 6806.4
01-IsoP_2188_gaussian 2661349 -390.57355295454000 0.196 6788.5
01-IsoP_2201_gaussian 2661350 -390.57386457625000 0.000 4878.7
01-IsoP_2203_gaussian 2661351 -390.57355295420000 0.196 6650.5
01-IsoP_2297_gaussian 2661352 -390.57355295448000 0.196 6655.8
01-IsoP_2319_gaussian 2661353 -390.57386457645000 -0.000 4650.1
01-IsoP_2323_gaussian 2661354 -390.57386457634000 0.000 4621.2
01-IsoP_2337_gaussian 2661355 -390.57355295455000 0.196 6610.6
01-IsoP_2414_gaussian 2661356 -390.57386457639000 0.000 4648.2
01-IsoP_2527_gaussian 2661357 -390.57386457642000 0.000 4638.1
01-IsoP_2536_gaussian 2661358 -390.57355295450000 0.196 3620.1
01-IsoP_2542_gaussian 2661359 -390.57386457653000 -0.000 2537.8
01-IsoP_2566_gaussian 2661360 -390.57386457625000 0.000 2865.1
01-IsoP_2579_gaussian 2661361 -390.57386457628000 0.000 2916.7
01-IsoP_2636_gaussian 2661362 -390.57386457634000 0.000 2853.4
01-IsoP_2638_gaussian 2661363 -390.57386457647000 -0.000 2918.6
01-IsoP_2655_gaussian 2661364 -390.57386457621000 0.000 2852.7
01-IsoP_2667_gaussian 2661365 -390.57386457653000 -0.000 2560
01-IsoP_269_gaussian 2661366 -390.57355295447000 0.196 4140.8
01-IsoP_2733_gaussian 2661367 -390.57355295458000 0.196 6542.7
01-IsoP_2752_gaussian 2661374 -390.57386457638000 0.000 4621.2
01-IsoP_2780_gaussian 2661375 -390.57386457625000 0.000 4647.1
01-IsoP_2787_gaussian 2661376 -390.57386457620000 0.000 4643.7
01-IsoP_2798_gaussian 2661377 -390.57386457648000 -0.000 4689.2
01-IsoP_2821_gaussian 2661378 -390.57386457624000 0.000 4646.2
01-IsoP_2879_gaussian 2661379 -390.57355295444000 0.196 6685.2
01-IsoP_2917_gaussian 2661380 -390.57355295453000 0.196 6645.2
01-IsoP_2927_gaussian 2661382 -390.57386457620000 0.000 4684.3
01-IsoP_2949_gaussian 2661384 -390.57355295448000 0.196 6707.1
01-IsoP_2954_gaussian 2661385 -390.57386457628000 0.000 4709.8
01-IsoP_2967_gaussian 2661386 -390.57355295443000 0.196 6550.3
01-IsoP_2976_gaussian 2661387 -390.57355295452000 0.196 6656.4
01-IsoP_3119_gaussian 2661388 -390.57355295449000 0.196 6971.3
01-IsoP_3138_gaussian 2661389 -390.57386457644000 -0.000 2537.2
01-IsoP_3170_gaussian 2661390 -390.57386457644000 -0.000 5026.6
01-IsoP_3226_gaussian 2661391 -390.57355295458000 0.196 6989.1
01-IsoP_3231_gaussian 2661392 -390.57355295449000 0.196 7020.6
01-IsoP_3244_gaussian 2661393 -390.57386457631000 0.000 2879.3
01-IsoP_334_gaussian 2661394 -390.57386457651000 -0.000 2882
01-IsoP_341_gaussian 2661395 -390.57355295450000 0.196 4140
01-IsoP_3422_gaussian 2661396 -390.57386457618000 0.000 2914.1
01-IsoP_3448_gaussian 2661397 -390.57386457633000 0.000 2909.2
01-IsoP_3452_gaussian 2661398 -390.57386457636000 0.000 2530
01-IsoP_3470_gaussian 2661399 -390.57386457649000 -0.000 2553.6
01-IsoP_3477_gaussian 2661400 -390.57386457639000 0.000 4715.2
01-IsoP_3504_gaussian 2661401 -390.57386457644000 -0.000 4536.4
01-IsoP_3559_gaussian 2661402 -390.57355295450000 0.196 6308.8
01-IsoP_3577_gaussian 2661404 -390.57386457611000 0.000 4722.4
01-IsoP_3819_gaussian 2661410 -390.57355295447000 0.196 6439
01-IsoP_3829_gaussian 2661411 -390.57386457637000 0.000 4667
01-IsoP_3875_gaussian 2661412 -390.57355295455000 0.196 6438.3
01-IsoP_3916_gaussian 2661413 -390.57386457619000 0.000 4714.2
01-IsoP_3918_gaussian 2661414 -390.57386457640000 0.000 4700.8
01-IsoP_3936_gaussian 2661415 -390.57386457628000 0.000 4842.3
01-IsoP_394_gaussian 2661416 -390.57386457640000 0.000 4862.7
01-IsoP_3975_gaussian 2661417 -390.57355295444000 0.196 6526.4
01-IsoP_406_gaussian 2661418 -390.57386457622000 0.000 4848.5
01-IsoP_460_gaussian 2661419 -390.57355295445000 0.196 3631.6
01-IsoP_470_gaussian 2661420 -390.57386457620000 0.000 2926.9
01-IsoP_493_gaussian 2661421 -390.57386457645000 -0.000 2624
01-IsoP_497_gaussian 2661422 -390.57386457628000 0.000 2628.1
01-IsoP_518_gaussian 2661423 -390.57386457628000 0.000 2530.7
01-IsoP_523_gaussian 2661424 -390.57355295457000 0.196 3491.9
01-IsoP_534_gaussian 2661425 -390.57355295457000 0.196 3776.7
01-IsoP_536_gaussian 2661426 -390.57386457637000 0.000 2837.6
01-IsoP_556_gaussian 2661427 -390.57355295459000 0.196 5922
01-IsoP_608_gaussian 2661428 -390.57386457641000 0.000 4295.7
01-IsoP_798_gaussian 2661429 -390.57386457647000 -0.000 4290.5
01-IsoP_801_gaussian 2661430 -390.57355295448000 0.196 5952.8
01-IsoP_845_gaussian 2661431 -390.57355295459000 0.196 5982.2
01-IsoP_890_gaussian 2661432 -390.57355295446000 0.196 5967
01-IsoP_942_gaussian 2661433 -390.57386457639000 0.000 4298.2
